[0;37;5;47;100m                                                  [0m
[0;37;5;47;100m  .  . .  . ... .  .  . .  .  . .  .  . .  .  . . [0m
[0;37;5;47;100m   .    ;8[0;1;36;96;47m@8[0;36;5;44;104m:[0;37;5;46;106m@[0;1;34;94;46m8[0;1;36;96;47m8X[0;37;5;47;100m8%       .       .       .       [0m
[0;37;5;47;100m     . S[0;37;5;46;106mX[0;36;5;44;104m:[0;1;34;94;46m8[0;36;5;46;106m [0;36;47mX[0;1;36;96;47mX[0;1;34;94;5;46;106m8[0;36;5;44;104m.[0;36;5;46;106m:[0;36;5;44;104m.[0;37;5;47;100m    .     . .     . .     . .  .[0m
[0;37;5;47;100m .    @[0;1;34;94;46m8[0;36;5;46;106m.[0;36;47m8[0;37;5;47;100m8@;8[0;1;34;94;5;46;106m8[0;1;36;96;46m.[0;1;37;97;47m [0;37;5;47;100m      . .      .       .         [0m
[0;37;5;47;100m   . S[0;36;5;46;106m.[0;36;5;44;104m;[0;1;37;97;47m [0;37;5;47;100mt::8[0;1;36;96;5;44;104m8[0;36;5;44;104m [0;37;5;47;100m.           .  .   . .    . .  . . [0m
[0;37;5;47;100m  .  [0;1;37;97;47m%[0;36;5;44;104m.[0;36;5;46;106m;[0;37;5;47;100m8: .8[0;1;34;94;5;46;106m8[0;36;5;46;106m:[0;37;5;47;100m8.     .  .      .     .           [0m
[0;37;5;47;100m     S[0;36;5;46;106m;[0;36;5;44;104m;[0;37;5;47;100m%  :[0;37;5;46;106m8[0;36;5;44;104m [0;1;36;96;46m;[0;37;5;47;100mS.          . .:;:.  .   .  . .  . [0m
[0;37;5;47;100m  . .S[0;1;36;96;47m8[0;36;5;44;104m:[0;37;5;46;106mX[0;37;5;47;100m8..;[0;37;5;46;106m8[0;1;36;96;5;44;104m@[0;1;36;96;47mX[0;37;5;47;100m%  .  . .;[0;1;37;97;47m@[0;1;30;90;47m%[0;37;5;40;100mS[0;36;5;40;100m :[0;35;5;40;100mt[0;33;5;40;100m%[0;36;5;40;100mt[0;35;5;40;100m [0;1;30;90;47mS[0;1;37;97;47mS[0;37;5;47;100mt.        .  [0m
[0;37;5;47;100m     :S[0;37;5;46;106mX[0;36;5;44;104m.[0;36;5;46;106m [0;1;37;97;47m [0;37;5;47;100mt.8[0;1;36;96;5;44;104m88[0;1;36;96;47mX[0;37;5;47;100m%  .   8[0;37;5;40;100mS[0;30;5;40;100m@8[0;34;5;40;100m%[0;33;5;40;100m%[0;36;5;40;100m:.[0;35;5;40;100m.:[0;33;5;40;100mt[0;30;5;40;100m88[0;35;5;40;100m [0;1;37;97;47m8[0;37;5;47;100m. . .      [0m
[0;37;5;47;100m  . . .X[0;1;36;96;47mX[0;36;5;44;104m [0;36;5;46;106m [0;36;5;44;104m [0;37;5;46;106m88[0;36;5;44;104m [0;36;5;46;106m:[0;36;5;44;104m [0;37;5;46;106m8[0;37;5;47;100m8   :[0;1;37;97;47m.[0;36;5;40;100m;[0;30;5;40;100m8[0;36;5;40;100m:[0;33;5;40;100m [0;37;5;40;100m88[0;1;30;90;47m8[0;37;5;40;100m8[0;1;30;90;47m8[0;37;5;40;100m8X%[0;36;5;40;100m.[0;30;5;40;100mX[0;35;5;40;100mt[0;1;30;90;47m%[0;37;5;47;100m;    .  . [0m
[0;37;5;47;100m     ...  SX[0;1;37;97;47m ;[0;37;5;47;100m8[0;1;37;97;47m%[0;37;5;47;100m;%@[0;1;37;97;47m% [0;1;30;90;47mS[0;37;5;40;100m@[0;34;5;40;100mX[0;30;5;40;100mX[0;33;5;40;100m [0;1;30;90;47m@888[0;37;5;40;100m8[0;1;30;90;47m888888[0;36;5;40;100m t[0;30;5;40;100m@[0;1;30;90;47m8[0;37;5;47;100m; .   .  [0m
[0;37;5;47;100m  .       .  .. X[0;1;30;90;47m@[0;36;5;40;100mX[0;34;5;40;100m8[0;30;5;40;100m8[0;34;5;40;100m8[0;30;5;40;100m8@[0;33;5;40;100m [0;1;30;90;47mX88[0;37;5;40;100m8[0;1;30;90;47m88[0;37;5;40;100m8[0;1;30;90;47m8[0;37;5;40;100m8[0;1;30;90;47m8[0;37;5;40;100m8[0;1;30;90;47m88[0;35;5;40;100m [0;30;5;40;100mS[0;33;5;40;100m;[0;1;37;97;47m%[0;37;5;47;100m   .    [0m
[0;37;5;47;100m            . .[0;1;37;97;47mt[0;36;5;40;100m@[0;34;5;40;100m8[0;35;5;40;100mX[0;33;5;40;100m:[0;36;5;40;100m [0;37;5;40;100m8@X[0;1;30;90;47m8[0;37;5;40;100m8[0;1;30;90;47m8[0;37;5;40;100m8[0;1;30;90;47m888888[0;37;5;40;100m8[0;1;30;90;47m8888[0;34;5;40;100mX[0;1;30;90;40m8[0;1;30;90;47m [0;37;5;47;100m .    . [0m
[0;37;5;47;100m  .  .    .  .[0;1;37;97;47m [0;34;5;40;100m8X[0;33;5;40;100m [0;37;5;40;100m8[0;1;30;90;47m@@88[0;37;5;40;100m8[0;1;30;90;47m8888[0;37;5;40;100m8[0;1;30;90;47m8[0;37;5;40;100m8[0;1;30;90;47m8[0;37;5;40;100m8[0;1;30;90;47m888[0;37;5;40;100m8[0;1;30;90;47m8[0;37;5;40;100m8[0;33;5;40;100m%[0;30;5;40;100m8[0;36;5;40;100mt[0;37;5;40;100m8[0;1;37;97;47m8[0;37;5;47;100m  .   [0m
[0;37;5;47;100m            X[0;1;30;90;47m%[0;36;5;40;100m8[0;30;5;40;100m8[0;35;5;40;100m [0;1;30;90;47m88[0;37;5;40;100m8[0;1;30;90;47m8[0;37;5;40;100m8[0;1;30;90;47m88[0;37;5;40;100m8[0;1;30;90;47m8[0;37;5;40;100m8[0;1;30;90;47m8888[0;37;5;40;100m8[0;1;30;90;47m88[0;37;5;40;100m8[0;1;30;90;47m88[0;37;5;40;100m8[0;1;30;90;47m8[0;37;5;40;100mS[0;36;5;40;100m [0;35;5;40;100mt[0;30;5;40;100m8[0;33;5;40;100m;[0;1;37;97;47m;[0;37;5;47;100m    .[0m
[0;37;5;47;100m  .  . . ..[0;1;37;97;47m.[0;36;5;40;100m;[0;34;5;40;100m8[0;31;5;40;100mS[0;36;5;40;100mt[0;37;5;40;100mS[0;1;30;90;47m88888[0;37;5;40;100m8[0;1;30;90;47m8888[0;37;5;40;100m8[0;1;30;90;47m8[0;37;5;40;100m8[0;1;30;90;47m88[0;37;5;40;100m8[0;1;30;90;47m88[0;37;5;40;100m8[0;1;30;90;47m88888[0;37;5;40;100m@[0;36;5;40;100m:[0;30;5;40;100m8[0;35;5;40;100m [0;37;5;47;100m8 .  [0m
[0;37;5;47;100m   .     .[0;1;37;97;47m;[0;34;5;40;100mX[0;30;5;40;100mX[0;36;5;40;100m [0;1;30;90;47m8[0;37;5;40;100m8[0;1;30;90;47m8[0;37;5;40;100m8[0;1;30;90;47m8[0;37;5;40;100m8[0;1;30;90;47m8[0;37;5;40;100m8[0;1;30;90;47m88[0;37;5;40;100m8[0;1;30;90;47m8[0;37;5;40;100m8[0;1;30;90;47m888[0;37;5;40;100m8[0;1;30;90;47m88[0;37;5;40;100m8[0;1;30;90;47m88[0;37;5;40;100m8[0;1;30;90;47m8[0;37;5;40;100m8[0;1;30;90;47m88[0;37;5;40;100m88[0;36;5;40;100m%[0;30;5;40;100m8[0;1;30;90;47m:[0;37;5;47;100m.   [0m
[0;37;5;47;100m       . .[0;1;30;90;47m@[0;30;5;40;100m8[0;33;5;40;100m.[0;37;5;40;100m8[0;1;30;90;47m8888[0;37;5;40;100m8[0;1;30;90;47m888[0;37;5;40;100m8[0;1;30;90;47m8888[0;37;5;40;100m8[0;1;30;90;47m888[0;37;5;40;100m8[0;1;30;90;47m888[0;37;5;40;100m8[0;1;30;90;47m888[0;37;5;40;100m8[0;1;30;90;47m88[0;37;5;40;100mX[0;35;5;40;100mX[0;1;30;90;40m8[0;1;30;90;47m [0;37;5;47;100m.  .[0m
[0;37;5;47;100m .  .     [0;1;30;90;47m.[0;30;5;40;100m@[0;36;5;40;100m%[0;35;5;40;100m [0;1;30;90;47m@8[0;37;5;40;100m8[0;1;30;90;47m88[0;37;5;40;100m8[0;1;30;90;47m888[0;37;5;40;100m8[0;1;30;90;47m8[0;37;5;40;100m8[0;1;30;90;47m88[0;37;5;40;100m8[0;1;30;90;47m8[0;37;5;40;100m8[0;1;30;90;47m88[0;37;5;40;100m8[0;1;30;90;47m888[0;37;5;40;100m8[0;1;30;90;47m88[0;37;5;40;100m8[0;1;30;90;47m8[0;36;5;40;100m;[0;30;5;40;100m8[0;33;5;40;100m.[0;1;37;97;47m8[0;37;5;47;100m    [0m
[0;37;5;47;100m   .   .  ;[0;1;30;90;47mX[0;31;5;40;100mX[0;34;5;40;100mS[0;36;5;40;100m:  [0;37;5;40;100mS[0;36;5;40;100m    [0;37;5;40;100m@[0;36;5;40;100m  [0;37;5;40;100mX[0;36;5;40;100m.  [0;37;5;40;100mX[0;36;5;40;100m       [0;37;5;40;100mX[0;36;5;40;100m. ;[0;34;5;40;100mS[0;30;5;40;100m@[0;36;5;40;100m [0;37;5;47;100m8  .  [0m
[0;37;5;47;100m     .   . :[0;1;37;97;47mt[0;33;5;40;100m.[0;30;5;40;100mSX[0;34;5;40;100mX[0;30;5;40;100m8[0;34;5;40;100mS[0;30;5;40;100mS[0;36;5;40;100m@[0;30;5;40;100m8[0;34;5;40;100m8[0;30;5;40;100m@[0;34;5;40;100mS[0;30;5;40;100m8[0;34;5;40;100mX[0;30;5;40;100mS[0;34;5;40;100mX[0;30;5;40;100m@[0;34;5;40;100mSSS[0;36;5;40;100m8[0;30;5;40;100m@[0;34;5;40;100mXX[0;30;5;40;100m@[0;34;5;40;100mX[0;30;5;40;100mX[0;34;5;40;100mS[0;33;5;40;100mt[0;1;30;90;47m [0;37;5;47;100m: .   .[0m
[0;37;5;47;100m .          .;8[0;1;37;97;47m%%ttt:t%t;tt;;t;;t:%%;;t%8[0;37;5;47;100mt     .  [0m
[0;37;5;47;100m   . . . .    .@[0;1;37;97;47mX8[0;37;5;47;100m :[0;1;37;97;47m8@[0;37;5;47;100mX ;[0;1;37;97;47m88[0;37;5;47;100m. S[0;1;36;96;47mS[0;37;5;47;100m@.:[0;1;37;97;47m8@[0;37;5;47;100mS ;[0;1;37;97;47m88[0;37;5;47;100mt   .    [0m
[0;37;5;47;100m  .        . .X[0;36;5;46;106m [0;36;5;44;104m [0;37;5;47;100m  [0;1;36;96;47mX[0;1;34;94;5;46;106m8[0;36;5;46;106m [0;37;5;47;100m8t[0;37;5;46;106m8[0;1;36;96;5;44;104m8[0;37;5;46;106m8[0;37;5;47;100mS%[0;36;5;46;106m [0;36;5;44;104m [0;37;5;47;100m: [0;1;37;97;47m8[0;1;34;94;5;46;106m8[0;36;5;46;106m [0;37;5;47;100m8%[0;37;5;46;106m8[0;1;36;96;5;44;104m8[0;37;5;46;106m8[0;37;5;47;100mX     .  [0m
[0;37;5;47;100m     .  .    t[0;37;5;46;106m8[0;36;5;44;104m.[0;37;5;47;100m: [0;1;37;97;47m8[0;1;34;94;5;46;106m@[0;37;5;44;104m8[0;37;5;47;100m8S[0;1;37;97;47mt[0;1;36;96;5;44;104m8[0;37;5;46;106m8[0;37;5;47;100m@S[0;37;5;46;106m8[0;36;5;44;104m [0;37;5;47;100m :[0;1;37;97;47m8[0;36;5;46;106m [0;36;5;44;104m.[0;37;5;47;100m8%[0;1;37;97;47m%[0;1;34;94;5;46;106m8[0;1;36;96;47m8[0;37;5;47;100m8; .     .[0m
[0;37;5;47;100m  .       . %[0;37;5;46;106m8[0;36;5;44;104m [0;37;5;47;100m: [0;37;5;46;106m@[0;36;5;46;106m [0;37;5;44;104m8[0;37;5;47;100m;;[0;37;5;46;106m8[0;1;34;94;5;46;106m8[0;1;36;96;47m@[0;37;5;47;100mXX[0;37;5;46;106m8[0;1;36;96;5;44;104m8[0;1;37;97;47m8[0;37;5;47;100m.[0;37;5;46;106mX[0;1;34;94;5;46;106m8[0;1;34;94;47m8[0;37;5;47;100m;;[0;1;36;96;47mS[0;1;34;94;5;46;106m8[0;1;36;96;47m8[0;37;5;47;100m8;..  .    [0m
[0;37;5;47;100m    . . .  .[0;1;36;96;47mS[0;1;34;94;5;46;106m8[0;1;36;96;47m@[0;37;5;47;100m:;[0;37;5;46;106m8[0;36;5;44;104m [0;37;5;47;100m;.8[0;1;34;94;5;46;106m8[0;1;36;96;47m8[0;37;5;47;100m8t8[0;1;36;96;5;44;104m@[0;37;5;46;106m8[0;37;5;47;100m@;[0;1;36;96;47mX[0;1;36;96;5;44;104m8[0;1;37;97;47m8[0;37;5;47;100m.X[0;1;34;94;5;46;106m88[0;37;5;47;100m8:   .   .  [0m
[0;37;5;47;100m  .        ...t tt   .t%;;X..;:::. .:    .   .    [0m
[0;37;5;47;100m    .  .  .   .      .:.   .  . .   . .    .   .  [0m
