[0;37;5;47;107m                                                  [0m
[0;37;5;47;107m  .  . .  .  . .  .  . .  .  . .  .  . .  .  . .  [0m
[0;37;5;47;107m   .       .       .       .       .       .     .[0m
[0;37;5;47;107m     .  .    .  .    .  .    .  .    .  .    .    [0m
[0;37;5;47;107m .       .     .S[0;37;5;43;103m8[0;37;5;47;107mX      .       .       .     .  [0m
[0;37;5;47;107m   .  .  :[0;1;33;93;47mX[0;37;5;43;103m8[0;37;5;47;107m%   [0;37;5;43;103m8[0;1;31;91;5;43;103mX[0;37;5;43;103m8[0;37;5;47;107m: .t[0;37;5;43;103m8[0;1;33;93;47mX[0;37;5;47;107m. .  .    .  .    .  .  .[0m
[0;37;5;47;107m  .    . .[0;37;5;43;103m8[0;1;31;91;5;43;103mX[0;37;5;43;103m@[0;37;5;47;107m%..[0;37;5;43;103m8[0;1;31;91;5;43;103mX[0;1;37;97;5;43;103m8[0;37;5;47;107m  ;[0;37;5;43;103mS[0;1;31;91;5;43;103m@[0;37;5;43;103m8[0;37;5;47;107m;  .   .   .   .   .     [0m
[0;37;5;47;107m    ..   .%[0;37;5;43;103m88[0;37;5;47;107m@ ..%%..S[0;37;5;43;103m@8[0;37;5;47;107m@.   .:;:.    .   .    .  [0m
[0;37;5;47;107m  . .[0;1;37;97;47m8[0;33;5;43;103m [0;1;33;93;47m8[0;37;5;47;107m8:.tS[0;1;37;97;5;43;103m8[0;37;5;43;103m8[0;1;31;91;5;43;103mX[0;37;5;43;103m%[0;1;31;91;5;43;103m@S[0;37;5;43;103mX8[0;1;33;93;5;47;107m8[0;37;5;47;107m8..;8[0;1;30;90;47mX[0;37;5;40;107mS[0;33;5;40;107m.[0;35;5;40;107m:[0;33;5;40;107mt[0;36;5;40;107mt[0;35;5;40;107m;[0;33;5;40;107m [0;1;30;90;47mS[0;1;37;97;47m%[0;37;5;47;107mt  .    .   .[0m
[0;37;5;47;107m     X[0;37;5;43;103mX[0;1;31;91;5;43;103m8[0;33;5;43;103m [0;37;5;47;107m8:[0;1;33;93;5;47;107m@[0;1;31;91;5;43;103mX@X%%[0;33;5;43;103m [0;1;31;91;5;43;103mSS@@S[0;37;5;47;107m@8[0;1;30;90;47m8[0;1;30;90;41m@[0;30;5;40;107m@[0;31;5;40;107mS[0;36;5;40;107mt[0;35;5;40;107m.. [0;33;5;40;107m.[0;36;5;40;107mt[0;30;5;40;107m88[0;33;5;40;107m [0;1;37;97;47m@[0;37;5;47;107m.   .   .  [0m
[0;37;5;47;107m  .  ;%X8;[0;1;33;93;5;47;107m8[0;1;31;91;5;43;103m@St[0;33;5;43;103m       [0;1;31;91;5;43;103mSS8[0;35;5;40;107mS[0;31;5;40;107m8[0;36;5;40;107mS[0;33;5;40;107m [0;37;5;40;107m88[0;1;30;90;47m88[0;37;5;40;107m888[0;35;5;40;107m  [0;31;5;40;107m%[0;36;5;40;107mS[0;1;30;90;47mS[0;37;5;47;107m:    .    [0m
[0;37;5;47;107m   .t;t;.S[0;1;31;91;5;43;103mXS[0;33;5;43;103m       [0;1;31;91;43m8[0;33;5;43;103mX[0;1;30;90;43m88[0;31;5;40;107mX[0;30;5;40;107mX[0;33;5;40;107m [0;1;30;90;47m8888[0;37;5;40;107m8[0;1;30;90;47m8888@8[0;36;5;40;107m [0;35;5;40;107mt[0;30;5;40;107m8[0;1;30;90;47m8[0;37;5;47;107m;.     . [0m
[0;37;5;47;107m  .%[0;33;5;43;103m [0;1;31;91;5;43;103m8S[0;37;5;43;103mX[0;37;5;47;107m:[0;1;37;97;5;43;103m8[0;1;31;91;5;43;103mXS[0;33;5;43;103m     [0;1;30;90;41m8[0;31;5;40;107mS[0;35;5;40;107mX[0;30;5;40;107m8[0;31;5;40;107mSX[0;30;5;40;107m8[0;36;5;40;107m [0;1;30;90;47m@8[0;37;5;40;107m8[0;1;30;90;47m8[0;37;5;40;107m8[0;1;30;90;47m88[0;37;5;40;107m8[0;1;30;90;47m88[0;37;5;40;107m8[0;1;30;90;47m88[0;36;5;40;107m [0;32;5;40;107mS[0;35;5;40;107mS[0;1;37;97;47mt[0;37;5;47;107m   .    [0m
[0;37;5;47;107m   S[0;37;5;43;103m8[0;37;5;47;107m8[0;37;5;43;103m8[0;37;5;47;107m@:8[0;1;31;91;5;43;103mSX[0;33;5;43;103m   [0;1;31;91;43m8[0;33;5;40;107m%[0;31;5;40;107m@[0;36;5;40;107mS[0;33;5;40;107m:[0;35;5;40;107m [0;37;5;40;107m@XX[0;1;30;90;47m88[0;37;5;40;107m8[0;1;30;90;47m888[0;37;5;40;107m8[0;1;30;90;47m88[0;37;5;40;107m8[0;1;30;90;47m8888[0;37;5;40;107m8[0;34;5;40;107mX[0;1;30;90;40m8[0;1;30;90;47m [0;37;5;47;107m .   .  [0m
[0;37;5;47;107m . .:.....[0;1;37;97;5;43;103mX[0;1;31;91;5;43;103m8@[0;33;5;43;103m [0;1;31;91;43m8[0;33;5;40;107m;[0;31;5;40;107mX[0;36;5;40;107m.[0;37;5;40;107m8[0;1;30;90;47m88888[0;37;5;40;107m8[0;1;30;90;47m888[0;37;5;40;107m8[0;1;30;90;47m88[0;37;5;40;107m8[0;1;30;90;47m88[0;37;5;40;107m8[0;1;30;90;47m8[0;37;5;40;107m8[0;1;30;90;47m8[0;37;5;40;107m8[0;33;5;40;107m%[0;30;5;40;107m8[0;33;5;40;107mt[0;37;5;40;107m8[0;1;37;97;47m8[0;37;5;47;107m     .[0m
[0;37;5;47;107m   . .%[0;37;5;43;103mX@[0;37;5;47;107m@%[0;37;5;43;103m8[0;1;31;91;5;43;103m8[0;1;30;90;43m8[0;33;5;40;107mS[0;30;5;40;107m8[0;35;5;40;107m:[0;1;30;90;47m88[0;37;5;40;107m8[0;1;30;90;47m88[0;37;5;40;107m8[0;1;30;90;47m88[0;37;5;40;107m8[0;1;30;90;47m8[0;37;5;40;107m8[0;1;30;90;47m8888[0;37;5;40;107m8[0;1;30;90;47m88888[0;37;5;40;107m8@[0;36;5;40;107m S[0;30;5;40;107m8[0;35;5;40;107m;[0;1;37;97;47m;[0;37;5;47;107m .   [0m
[0;37;5;47;107m    .[0;37;5;43;103m8[0;1;31;91;5;43;103mXX[0;1;37;97;5;43;103m8[0;37;5;47;107m8:[0;1;37;97;47m [0;33;5;40;107mX[0;1;30;90;41m@[0;35;5;40;107mX[0;36;5;40;107m; [0;1;30;90;47m@88[0;37;5;40;107m8[0;1;30;90;47m88[0;37;5;40;107m8[0;1;30;90;47m8888[0;37;5;40;107m8[0;1;30;90;47m8[0;37;5;40;107m8[0;1;30;90;47m88[0;37;5;40;107m8[0;1;30;90;47m8[0;37;5;40;107m8[0;1;30;90;47m8[0;37;5;40;107m8[0;1;30;90;47m888[0;37;5;40;107m@[0;35;5;40;107m.[0;30;5;40;107m8[0;36;5;40;107m [0;37;5;47;107m8  . [0m
[0;37;5;47;107m  .  :;t..8[0;1;30;90;41m@[0;35;5;40;107m@[0;33;5;40;107m [0;37;5;40;107m8[0;1;30;90;47m8@8[0;37;5;40;107m8[0;1;30;90;47m88[0;37;5;40;107m8[0;1;30;90;47m88[0;37;5;40;107m8[0;1;30;90;47m8[0;37;5;40;107m8[0;1;30;90;47m8888[0;37;5;40;107m8[0;1;30;90;47m8888[0;37;5;40;107m8[0;1;30;90;47m88[0;37;5;40;107m8[0;1;30;90;47m88[0;37;5;40;107m@[0;36;5;40;107m%[0;30;5;40;107m8[0;1;30;90;47m:[0;37;5;47;107m.   [0m
[0;37;5;47;107m   .   ..:[0;1;30;90;47m8[0;31;5;40;107m8[0;33;5;40;107mt[0;37;5;40;107m8[0;1;30;90;47m88[0;37;5;40;107m8[0;1;30;90;47m88[0;37;5;40;107m8[0;1;30;90;47m888[0;37;5;40;107m8[0;1;30;90;47m888[0;37;5;40;107m8[0;1;30;90;47m8[0;37;5;40;107m8[0;1;30;90;47m88[0;37;5;40;107m8[0;1;30;90;47m8[0;37;5;40;107m8[0;1;30;90;47m888[0;37;5;40;107m8[0;1;30;90;47m88[0;37;5;40;107m8@[0;31;5;40;107mS[0;30;5;40;107m8[0;1;30;90;47m.[0;37;5;47;107m.  .[0m
[0;37;5;47;107m    .  . .[0;1;37;97;47m [0;31;5;40;107m8[0;34;5;40;107mX[0;36;5;40;107m [0;1;30;90;47mX88[0;37;5;40;107m8[0;1;30;90;47m888[0;37;5;40;107m8[0;1;30;90;47m888[0;37;5;40;107m8[0;1;30;90;47m8888[0;37;5;40;107m8[0;1;30;90;47m8888[0;37;5;40;107m8[0;1;30;90;47m888[0;37;5;40;107m8[0;1;30;90;47m8[0;37;5;40;107m8[0;36;5;40;107m:[0;30;5;40;107m@[0;36;5;40;107m;[0;1;37;97;47m8[0;37;5;47;107m    [0m
[0;37;5;47;107m  .      .t[0;1;30;90;47mX[0;33;5;40;107mX[0;34;5;40;107mX[0;33;5;40;107m;[0;36;5;40;107m. [0;37;5;40;107mX[0;36;5;40;107m   [0;37;5;40;107mX[0;36;5;40;107m.  [0;37;5;40;107mX[0;36;5;40;107m.   [0;37;5;40;107mX[0;36;5;40;107m.        :S[0;30;5;40;107m@[0;35;5;40;107m [0;37;5;47;107m8.  . [0m
[0;37;5;47;107m     . .   :[0;1;37;97;47m;[0;33;5;40;107m.[0;30;5;40;107mXX[0;34;5;40;107mX[0;30;5;40;107m8[0;34;5;40;107mX[0;30;5;40;107mX[0;34;5;40;107mX[0;30;5;40;107m@[0;34;5;40;107mX[0;30;5;40;107mS[0;34;5;40;107mX[0;30;5;40;107m@[0;34;5;40;107mX[0;30;5;40;107mS[0;34;5;40;107mS[0;30;5;40;107mX[0;34;5;40;107m@[0;30;5;40;107mX[0;34;5;40;107mSSS[0;36;5;40;107m8[0;30;5;40;107m@[0;34;5;40;107mXS[0;30;5;40;107mS[0;34;5;40;107mX[0;33;5;40;107m;[0;1;30;90;47m [0;37;5;47;107m:   .  [0m
[0;37;5;47;107m   .        .:8[0;1;37;97;47m%tttttt;t;t;ttt;t;;t:%%t%8[0;37;5;47;107mt   .    [0m
[0;37;5;47;107m .    .  .   ..@[0;1;37;97;47m@8[0;37;5;47;107m  [0;1;37;97;47m88[0;37;5;47;107mS ;[0;1;37;97;47m88[0;37;5;47;107m: X[0;1;36;96;47mS[0;37;5;47;107m@ .[0;1;37;97;47m8@[0;37;5;47;107m@ ;[0;1;37;97;47m@8[0;37;5;47;107m%...   . [0m
[0;37;5;47;107m    .     .   X[0;36;5;46;107m [0;36;5;44;107m [0;37;5;47;107m  [0;1;36;96;47m@[0;1;34;94;5;46;107m8[0;36;5;46;107m [0;37;5;47;107m8t[0;37;5;46;107m@[0;1;36;96;5;44;107m8[0;37;5;46;107m8[0;37;5;47;107mS%[0;36;5;46;107m [0;36;5;44;107m [0;37;5;47;107m: [0;1;36;96;47mS[0;1;34;94;5;46;107m8[0;36;5;46;107m [0;37;5;47;107m8%[0;37;5;46;107m8[0;1;36;96;5;44;107m8[0;37;5;46;107m8[0;37;5;47;107mX        [0m
[0;37;5;47;107m  .    .     t[0;1;36;96;47m8[0;36;5;44;107m [0;37;5;47;107m: [0;1;37;97;47m8[0;36;5;46;107m [0;36;5;44;107m.[0;37;5;47;107m8t[0;1;37;97;47m;[0;1;36;96;5;44;107m8[0;37;5;46;107m8[0;37;5;47;107m@S[0;37;5;46;107m8[0;36;5;44;107m [0;37;5;47;107m :X[0;36;5;46;107m [0;36;5;44;107m.[0;37;5;47;107m8t[0;1;37;97;47m%[0;1;34;94;5;46;107m8[0;1;36;96;47m8[0;37;5;47;107m8:.  .  . [0m
[0;37;5;47;107m     .   .  %[0;1;36;96;47m8[0;36;5;44;107m [0;37;5;47;107m: [0;37;5;46;107mX[0;1;34;94;5;46;107m8[0;36;47m8[0;37;5;47;107m@:[0;1;37;97;47mS[0;1;34;94;5;46;107m8[0;37;5;46;107m8[0;37;5;47;107m%X[0;37;5;46;107m8[0;1;36;96;5;44;107m@[0;1;37;97;47m8[0;37;5;47;107m.[0;37;5;46;107m@[0;1;34;94;5;46;107m8[0;1;34;94;47m8[0;37;5;47;107mt:8[0;1;34;94;5;46;107m8[0;37;5;46;107m8[0;37;5;47;107m8: .       [0m
[0;37;5;47;107m  .         [0;1;37;97;47m:[0;1;34;94;5;46;107m8[0;37;5;46;107m8[0;37;5;47;107m.;[0;37;5;46;107m8[0;36;5;44;107m [0;37;5;47;107mS @[0;1;34;94;5;46;107m88[0;37;5;47;107mX.[0;1;37;97;47m [0;1;36;96;5;44;107m8[0;1;36;96;47mX[0;37;5;47;107m%;[0;1;36;96;47m8[0;1;36;96;5;44;107m8[0;1;37;97;47m@[0;37;5;47;107m.@[0;1;34;94;5;46;107m8[0;1;36;96;5;44;107m8[0;37;5;47;107m8:   .  .   [0m
[0;37;5;47;107m     .  . ..:;; ;:   .; ..;.% :::. .;.:  .  .   . [0m
[0;37;5;47;107m  .             .     .:    . ...  . ..       .   [0m
